1 230 0 77
2 255 0 0
3 204 77 242
4 204 0 0
5 230 204 204
6 230 204 230
7 166 0 204
8 166 77 0
9 255 77 255
10 255 166 255
11 255 230 255
12 255 255 168
13 255 255 0
14 230 230 0
15 230 128 0
16 242 166 77
17 230 166 0
18 230 230 77
19 255 230 166
20 255 230 77
21 230 204 77
22 242 204 166
23 128 255 0
24 0 166 0
25 77 255 0
26 204 242 77
27 166 255 128
28 166 230 77
29 166 242 0
30 230 230 230
31 204 204 204
32 204 255 204
33 0 0 0
34 166 230 204
35 166 166 255
36 77 77 255
37 204 204 255
38 230 230 255
39 166 166 230
40 0 204 242
41 128 242 230
42 0 255 166
43 166 255 230
44 230 242 255
48 255 255 255
